# transform file /autofs/cluster/fusion/gramfort/work/data/bem_giorgio/subjects/sample/mri/transforms/cc_up.lta
# created by gramfort on Thu Sep 15 18:57:43 2011

type      = 0
nxforms   = 1
mean      = 128.0000 98.0000 119.0000
sigma     = 10000.0000
1 4 4
9.994403123855591e-01 -3.095648624002934e-02 1.267798617482185e-02 1.634805798530579e+00 
3.095400147140026e-02 9.995207786560059e-01 3.926541830878705e-04 5.005081558227539e+01 
-1.268406491726637e-02 -4.365574915454751e-11 9.999195933341980e-01 1.562361431121826e+01 
0.000000000000000e+00 0.000000000000000e+00 0.000000000000000e+00 1.000000000000000e+00 
src volume info
valid = 1  # volume info valid
filename = /autofs/cluster/fusion/gramfort/work/data/bem_giorgio/subjects/sample/mri/norm.mgz
volume = 256 256 256
voxelsize = 1.000000000000000e+00 1.000000000000000e+00 1.000000000000000e+00
xras   = -1.000000000000000e+00 8.568169107547874e-08 1.490116474656134e-08
yras   = 1.154840205686014e-07 1.571608265749092e-08 -1.000000000000000e+00
zras   = -1.918524645816433e-07 1.000000000000000e+00 6.402840924124575e-09
cras   = -5.273612976074219e+00 9.039085388183594e+00 -2.728796386718750e+01
dst volume info
valid = 1  # volume info valid
filename = /autofs/cluster/fusion/gramfort/work/data/bem_giorgio/subjects/sample/mri/norm.mgz
volume = 256 256 256
voxelsize = 1.000000000000000e+00 1.000000000000000e+00 1.000000000000000e+00
xras   = -1.000000000000000e+00 8.568169107547874e-08 1.490116474656134e-08
yras   = 1.154840205686014e-07 1.571608265749092e-08 -1.000000000000000e+00
zras   = -1.918524645816433e-07 1.000000000000000e+00 6.402840924124575e-09
cras   = -5.273612976074219e+00 9.039085388183594e+00 -2.728796386718750e+01
