# transform file transforms/talairach.lta
# created by gramfort on Thu Sep 15 14:54:29 2011

type      = 0
nxforms   = 1
mean      = 128.0000 98.0000 121.0000
sigma     = 10000.0000
1 4 4
1.045661211013794e+00 -2.311815321445465e-02 3.955188393592834e-02 -9.230576515197754e+00 
-3.767308080568910e-03 9.045068621635437e-01 4.286687672138214e-01 -1.312755966186523e+01 
-7.220409810543060e-02 -4.813970923423767e-01 8.496881723403931e-01 6.486535644531250e+01 
0.000000000000000e+00 0.000000000000000e+00 0.000000000000000e+00 1.000000000000000e+00 
src volume info
valid = 1  # volume info valid
filename = nu.mgz
volume = 256 256 256
voxelsize = 1.000000000000000e+00 1.000000000000000e+00 1.000000000000000e+00
xras   = -1.000000000000000e+00 8.568169107547874e-08 1.490116474656134e-08
yras   = 1.154840205686014e-07 1.571608265749092e-08 -1.000000000000000e+00
zras   = -1.918524645816433e-07 1.000000000000000e+00 6.402840924124575e-09
cras   = -5.273612976074219e+00 9.039085388183594e+00 -2.728796386718750e+01
dst volume info
valid = 1  # volume info valid
filename = /usr/local/freesurfer/stable5_1_0/average/RB_all_2008-03-26.gca
volume = 256 256 256
voxelsize = 1.000000000000000e+00 1.000000000000000e+00 1.000000000000000e+00
xras   = -1.000000000000000e+00 0.000000000000000e+00 0.000000000000000e+00
yras   = 0.000000000000000e+00 0.000000000000000e+00 -1.000000000000000e+00
zras   = 0.000000000000000e+00 1.000000000000000e+00 0.000000000000000e+00
cras   = 0.000000000000000e+00 0.000000000000000e+00 0.000000000000000e+00
