# transform file transforms/talairach_with_skull.lta
# created by gramfort on Thu Sep 15 18:41:00 2011

type      = 0
nxforms   = 1
mean      = 128.0000 98.0000 121.0000
sigma     = 10000.0000
1 4 4
1.071019053459167e+00 -1.007987093180418e-02 2.224317751824856e-02 -1.388507366180420e+01 
6.386152002960443e-03 1.004154920578003e+00 4.738118946552277e-01 -3.574303054809570e+01 
-2.952304482460022e-02 -6.457991003990173e-01 1.014690876007080e+00 4.375344085693359e+01 
0.000000000000000e+00 0.000000000000000e+00 0.000000000000000e+00 1.000000000000000e+00 
src volume info
valid = 1  # volume info valid
filename = nu_noneck.mgz
volume = 256 256 256
voxelsize = 1.000000000000000e+00 1.000000000000000e+00 1.000000000000000e+00
xras   = -1.000000000000000e+00 8.568169107547874e-08 1.490116474656134e-08
yras   = 1.154840205686014e-07 1.571608265749092e-08 -1.000000000000000e+00
zras   = -1.918524645816433e-07 1.000000000000000e+00 6.402840924124575e-09
cras   = -5.273612976074219e+00 9.039085388183594e+00 -2.728796386718750e+01
dst volume info
valid = 1  # volume info valid
filename = /usr/local/freesurfer/stable5_1_0/average/RB_all_withskull_2008-03-26.gca
volume = 256 256 256
voxelsize = 1.000000000000000e+00 1.000000000000000e+00 1.000000000000000e+00
xras   = -1.000000000000000e+00 0.000000000000000e+00 0.000000000000000e+00
yras   = 0.000000000000000e+00 0.000000000000000e+00 -1.000000000000000e+00
zras   = 0.000000000000000e+00 1.000000000000000e+00 0.000000000000000e+00
cras   = 0.000000000000000e+00 0.000000000000000e+00 0.000000000000000e+00
fscale 0.150000
