# transform file parameter_maps/flash5.lta
# created by mluessi on Mon Nov 18 14:11:23 2013

type      = 1
nxforms   = 1
mean      = 0.0000 0.0000 0.0000
sigma     = 10000.0000
1 4 4
1.000000000000000e+00 0.000000000000000e+00 0.000000000000000e+00 0.000000000000000e+00 
0.000000000000000e+00 1.000000000000000e+00 0.000000000000000e+00 0.000000000000000e+00 
0.000000000000000e+00 0.000000000000000e+00 1.000000000000000e+00 0.000000000000000e+00 
0.000000000000000e+00 0.000000000000000e+00 0.000000000000000e+00 1.000000000000000e+00 
src volume info
valid = 1  # volume info valid
filename = mef05.mgz
volume = 256 256 192
voxelsize = 1.000000000000000e+00 1.000000000000000e+00 1.000000000000000e+00
xras   = -2.463215962052345e-02 -9.778439998626709e-01 -2.078808546066284e-01
yras   = -3.026463091373444e-02 2.085780501365662e-01 -9.775373935699463e-01
zras   = -9.992383718490601e-01 1.778750494122505e-02 3.473151102662086e-02
cras   = -5.273666381835938e+00 9.008900642395020e+00 -2.728267288208008e+01
dst volume info
valid = 1  # volume info valid
filename = mef05.mgz
volume = 256 256 192
voxelsize = 1.000000000000000e+00 1.000000000000000e+00 1.000000000000000e+00
xras   = -2.463215962052345e-02 -9.778439998626709e-01 -2.078808546066284e-01
yras   = -3.026463091373444e-02 2.085780501365662e-01 -9.775373935699463e-01
zras   = -9.992383718490601e-01 1.778750494122505e-02 3.473151102662086e-02
cras   = -5.273666381835938e+00 9.008900642395020e+00 -2.728267288208008e+01
